m	phi	ln(aw)	RTln(aw)
0	1	0	0
0.001	0.988	-3.55982E-05	-8.82464E-05
0.002	0.984	-7.09081E-05	-0.000175778
0.005	0.976	-0.000175829	-0.000435873
0.01	0.968	-0.000348776	-0.0008646
0.02	0.959	-0.000691066	-0.001713123
0.05	0.944	-0.001700642	-0.00421582
0.1	0.933	-0.003361651	-0.008333389
0.2	0.924	-0.006658447	-0.016506005
0.3	0.921	-0.009955244	-0.024678621
0.4	0.92	-0.013259246	-0.032869101
0.5	0.921	-0.016592073	-0.041131036
0.6	0.923	-0.019953724	-0.049464425
0.7	0.926	-0.023355009	-0.057896064
0.8	0.929	-0.026777912	-0.066381294
0.9	0.932	-0.030222434	-0.074920115
1	0.936	-0.033724604	-0.083601845
1.2	0.944	-0.040815418	-0.101179668
1.4	0.953	-0.048071973	-0.119168356
1.6	0.962	-0.055458238	-0.137478589
1.8	0.973	-0.063103923	-0.156431913
2	0.984	-0.070908142	-0.175778237
2.5	1.013	-0.091247393	-0.226198367
3	1.045	-0.112955806	-0.280012588
3.5	1.08	-0.136195517	-0.337622834
4	1.116	-0.16084042	-0.398716489
