0	0.99709	1	1	0
0.001	0.997130847	0.988	0.965	0.048839604
0.002	0.997171691	0.984	0.952	0.097283746
0.005	0.997294201	0.976	0.928	0.241232054
0.01	0.99749831	0.968	0.903	0.478509484
0.02	0.997906256	0.959	0.872	0.948121063
0.05	0.999127914	0.944	0.822	2.33322806
0.1	1.001156781	0.933	0.779	4.612080043
0.2	1.005187691	0.924	0.734	9.13518105
0.3	1.009183367	0.921	0.709	13.65828206
0.4	1.01314443	0.92	0.693	18.19126962
0.5	1.017071495	0.921	0.681	22.76380343
0.6	1.020965164	0.923	0.673	27.37588347
0.7	1.024826028	0.926	0.667	32.04233959
0.8	1.028654668	0.929	0.662	36.73845539
0.9	1.032451654	0.932	0.659	41.46423087
1	1.036217546	0.936	0.657	46.26909882
1.2	1.043658233	0.944	0.655	55.99747345
1.4	1.050980991	0.953	0.656	65.95323894
1.6	1.058189913	0.962	0.658	76.08696251
1.8	1.065288919	0.973	0.662	86.57660222
2	1.072281758	0.984	0.668	97.28374624
2.5	1.089322448	1.013	0.688	125.1885606
3	1.105772748	1.045	0.714	154.9718214
3.5	1.121677227	1.08	0.746	186.855976
4	1.137073777	1.116	0.783	220.6680098
4.5	1.151993611	1.153	0.826	256.4820718
5	1.166461263	1.191	0.874	294.3723114
5.5	1.18049459	1.231	0.928	334.6847581
6	1.194104772	1.27	0.986	376.6779199
6.144	1.197946828	1.281	1.004	389.0590562